year: 2025
month: August
start: 15
end: 17
full: August 15-17, 2025
julian: 2460903.16667
latlong: (39.9529083, -75.1705983)
address: Philadelphia, USA
